patid,Sex,Age (yrs),Height (cm),Weight (kg),BMI (kg/m2),CLcr (mL/h),2D6,3A4,2C9,2C19
6,F,85,154.9,51.9,22,30,1,1,1,1
7,M,79,171.4,85,29,93.5,2,1,0,1
12,M,38,188,90.5,26,120,2,1,1,0
14,M,71,178.8,69.2,22,79.9,1,1,1,1
15,F,39,161.7,92,35,120,1,2,0,0
16,F,71,149.9,66.5,30,64.5,1,0,2,1
17,M,54,173.6,76.7,25,88.9,1,1,2,1
21,M,71,180,84.5,26,120,0,1,1,2
22,F,33,172.3,76.3,26,110,1,0,1,1
24,F,22,176.4,78.6,25,106,0,1,2,1
26,F,22,155.2,44.9,19,59.6,1,1,1,1
34,F,20,151.2,43.7,19,66.6,1,1,1,2
36,M,33,172.9,81.7,27,120,2,1,2,1
40,M,50,179.8,82,25,120,1,1,1,0
41,F,54,150.4,81.5,36,120,1,1,1,2
43,M,64,181.7,77,23,60.7,2,2,1,1
44,M,34,163.8,61.5,23,99.5,2,1,1,2
45,F,30,177.3,68.4,22,67.8,0,1,0,1
52,M,23,191.6,82.4,22,120,2,1,2,1
61,M,52,171.9,82.1,28,89.6,1,1,0,1
64,M,62,182.7,96.2,29,120,2,1,1,1
66,M,62,187.2,102.2,29,120,2,2,1,0
73,F,57,156.3,81.2,33,82.9,1,1,0,2
76,M,41,162.4,67.8,26,117,1,1,1,2
80,F,33,162.1,70.6,27,120,1,1,0,2
92,M,83,167,71.4,26,66.5,1,2,1,1
93,F,47,166.7,83.2,30,91.3,1,1,1,2
98,F,55,158.7,108.3,43,97,1,1,1,0
101,F,85,154.2,58.7,25,35.6,1,1,2,1
103,F,55,166.4,89.1,32,91.2,2,1,0,1
104,F,67,164.3,70.6,26,66.9,1,1,1,1
109,F,30,164.3,73.6,27,120,1,1,1,0
111,F,19,165.2,87.3,32,112,1,1,1,2
112,F,48,161.6,66.4,25,66.2,1,1,2,1
113,F,19,159.2,69.4,27,120,1,1,2,1
115,M,69,174.7,62.6,21,93.5,2,1,0,1
116,F,34,154.6,52.1,22,69.4,2,1,1,1
117,M,61,183.5,86,26,73.7,2,1,0,1
118,F,27,176.2,87.4,28,120,1,1,1,1
124,F,55,165,85.6,31,120,1,1,2,1
125,M,59,174.2,76.7,25,108,1,1,1,1
126,F,78,156.7,60.2,25,30,1,1,1,1
128,F,20,158.8,59.6,24,101,1,2,1,1
129,F,64,171.2,125.6,43,102,2,0,1,1
130,M,42,182,82.4,25,120,1,1,0,0
131,M,34,158.2,67.1,27,120,0,0,1,0
134,M,29,161.3,71.2,27,112,1,2,0,1
135,F,63,163.6,77.5,29,105,1,1,1,2
136,M,40,175.1,82.8,27,120,2,1,1,2
139,F,45,163.9,72.1,27,120,0,1,2,1
147,F,19,156.3,82.5,34,120,2,1,1,1
149,F,54,166.6,79,28,110,1,2,1,1
150,M,75,163.1,67,25,119,1,1,1,0
157,F,74,165.1,66.9,25,79,2,1,1,0
159,F,49,157.6,45.7,18,48.1,0,1,1,1
162,M,50,154.1,77.3,33,73.8,1,2,2,1
164,F,37,170.5,58.3,20,113,1,1,0,0
169,F,50,157,57.5,23,120,1,1,1,2
179,M,51,161.5,81.7,31,120,1,1,1,1
180,M,65,176,71.8,23,76.3,1,1,1,1
188,M,59,169.5,61.3,21,92,1,2,1,1
191,F,28,165.2,92.4,34,120,1,1,1,1
192,F,80,161,66.7,26,81.5,2,1,1,1
194,F,20,168.4,58.4,21,120,1,1,2,0
197,F,19,164.9,85,31,120,1,1,2,1
209,M,55,184,88.8,26,34.8,1,1,1,1
215,M,37,173.7,79,26,120,1,1,2,1
216,F,40,156.3,90.7,37,116,1,1,2,0
219,M,49,169.8,75.5,26,108,0,1,1,0
221,F,62,153.3,63.4,27,101,1,1,2,2
225,M,79,156.8,71.6,29,53.7,0,0,0,2
226,F,78,158.8,84.2,33,84.4,2,1,1,1
228,M,44,165.7,71.8,26,115,0,1,0,0
230,F,47,168.7,103.2,36,119,2,1,1,2
245,M,47,172.7,76.1,26,71.7,0,2,1,1
246,F,23,165.6,81.8,30,120,2,1,2,2
247,M,73,172.1,67.2,23,42.8,1,1,1,0
248,F,46,166.7,83.6,30,103,1,1,1,1
255,F,28,173.7,99.5,33,120,1,1,1,1
257,F,24,146.7,59.8,28,49,0,1,1,1
260,M,52,189.1,74.8,21,41.4,1,1,2,2
262,F,36,157.4,80.3,32,120,1,1,1,1
264,M,44,179.2,80.3,25,120,1,1,1,1
266,F,45,153.6,58.1,25,98.7,1,1,1,2
267,F,75,156.2,94.2,39,66.9,1,2,1,0
269,M,39,173.2,88.3,29,120,2,1,1,0
271,F,23,167.3,115.5,41,120,2,2,2,2
273,M,21,166.4,65.1,24,120,2,0,1,1
275,F,73,162,68.8,26,47.7,2,1,1,1
277,F,37,157.2,47.4,19,99.4,1,2,0,2
279,M,80,177.7,82.6,26,60.4,2,0,1,1
284,F,19,163.6,60.9,23,120,1,1,1,1
292,M,50,175.9,71.3,23,95.8,2,1,1,2
294,M,51,169.5,75,26,113,1,2,1,1
295,M,47,153.3,66.6,28,120,2,1,1,1
301,M,32,182.1,98.5,30,120,1,0,1,1
303,M,55,161.4,61.6,24,94.4,1,1,1,1
305,F,83,165.7,55.2,20,53.8,1,1,1,2
308,F,19,162.1,94.3,36,120,2,1,1,2
310,F,27,142.1,54.8,27,120,2,1,0,1
312,M,60,188.9,135.8,38,120,2,1,1,2
316,F,52,160.3,67.4,26,120,1,1,1,1
317,M,20,185.2,99.2,29,120,2,1,1,1
326,F,28,176.4,94.3,30,120,2,1,2,1
331,M,41,168.1,75.3,27,85.6,1,1,1,1
332,F,24,148.6,66.2,30,107,1,1,1,2
339,M,37,183.6,102.2,30,113,1,0,1,1
343,M,22,191.8,156.4,43,120,2,1,1,1
349,M,55,175.4,90.8,30,113,1,2,1,0
352,F,61,160.4,84.8,33,85,0,1,1,1
361,M,31,175.3,101.7,33,120,1,1,2,1
363,F,20,156.1,76.5,31,114,1,1,0,1
368,M,41,186.4,107.2,31,120,1,1,2,2
374,F,37,163.1,49.6,19,108,0,1,2,1
375,F,33,170.7,72,25,120,2,1,2,1
379,M,29,173,62.4,21,120,1,1,0,2
382,F,60,161.4,58.2,22,42.9,1,0,1,2
385,F,73,165.5,64,23,48.7,1,1,1,0
388,F,44,169.3,78.3,27,120,1,1,2,2
389,F,46,164.7,92.7,34,120,1,1,1,2
391,F,24,165.9,98.1,36,120,1,1,1,1
396,F,33,157.8,54.6,22,75,1,1,1,2
402,F,41,156.1,65.1,27,76.1,0,1,1,2
403,F,77,158,78.9,32,101,1,1,1,1
407,F,74,158.8,83.4,33,70.6,2,1,1,1
408,F,30,177.7,114.5,36,120,1,1,1,1
409,F,58,166.7,63.4,23,72.2,1,2,1,2
413,F,59,152.1,58,25,48.7,1,0,1,1
415,M,70,171.1,91.3,31,98.6,0,2,1,0
416,M,47,165.3,83.1,30,120,2,1,0,0
425,M,77,182.2,85.1,26,73,1,1,2,0
428,F,53,169.9,78.6,27,69,2,1,2,0
434,M,73,169.9,93.1,32,120,1,1,1,2
440,F,19,156.3,87.7,36,113,2,1,1,0
441,F,85,158.7,66.1,26,70.4,2,1,1,1
443,F,35,163.3,78.5,29,114,1,1,1,0
447,M,40,171.9,71.6,24,112,1,1,1,1
455,M,33,187.8,94.8,27,120,2,1,1,1
457,M,32,173.9,88.4,29,120,1,2,0,2
460,M,41,166.9,88.4,32,120,1,0,1,1
461,F,62,151.3,75.3,33,73.8,1,1,1,0
462,M,40,184.1,83.1,25,120,1,1,0,2
463,F,26,170,81.5,28,120,1,1,1,1
468,F,20,158.1,55,22,120,1,0,1,1
471,M,19,170,76.5,26,120,1,1,1,2
472,F,38,162.9,83.6,32,101,1,1,2,2
476,M,35,181.2,75.4,23,107,1,0,1,2
484,F,38,171.6,57.8,20,63.9,1,1,1,1
486,F,47,155.3,77.8,32,83.7,2,1,1,2
490,M,57,184.6,90.1,26,120,1,1,1,0
491,M,51,164.8,69.4,26,120,2,1,1,0
492,F,53,159.7,78.9,31,120,1,1,1,0
495,M,19,177.4,65.3,21,120,1,1,1,1
496,M,76,175.7,79.5,26,64.8,1,1,1,2
502,M,81,167.2,64.2,23,51.6,2,1,1,2
510,F,53,165.4,72.2,26,120,1,0,2,1
511,M,19,173.1,71.5,24,120,1,1,2,0
512,M,76,179.9,94.8,29,43.9,1,1,1,1
515,M,23,177.3,73.5,23,120,0,1,2,1
517,M,61,178.8,100.8,32,120,0,1,1,1
518,M,59,187.6,90.8,26,94.6,0,0,1,1
523,M,61,183.5,115.3,34,120,1,1,1,1
528,M,65,176.5,81.6,26,76.6,2,2,2,2
539,M,28,162.3,67.9,26,106,2,1,1,0
540,F,73,169.4,83,29,104,2,1,1,1
541,M,62,163.1,69.1,26,84.1,1,1,1,0
544,F,43,164.8,85.5,31,92.4,2,1,1,0
547,M,50,176.3,82.4,27,120,0,1,2,0
553,F,24,164.8,86.7,32,120,0,1,1,1
555,F,85,170.8,66.5,23,55.4,1,1,0,1
556,M,66,185,87.6,26,95.8,2,1,2,0
559,F,81,169,67.7,24,43.3,2,2,1,2
566,F,32,156.7,90.8,37,120,1,1,1,1
569,M,31,183.1,80.5,24,67,1,1,1,1
571,F,41,165.1,105.7,39,120,2,1,1,1
574,F,28,150.4,43.6,19,60.1,1,1,1,1
598,F,78,168.5,64.9,23,56.6,1,2,1,1
600,F,29,154.8,72.4,30,120,1,1,1,1
601,F,19,158.3,52.6,21,58.2,1,1,1,1
603,M,21,164.2,75.2,28,88.8,1,1,1,1
614,M,74,177.4,81.8,26,101,0,1,1,2
615,F,68,153.3,84.1,36,74.5,1,1,1,1
616,M,85,171.8,64.2,22,46.3,2,1,0,2
621,F,64,160.3,57.4,22,48.6,0,2,1,0
623,M,24,188,101.8,29,120,2,1,1,1
626,F,22,151.8,50.3,22,109,2,2,1,1
628,M,37,184,92.5,27,120,2,2,1,1
633,F,29,157.7,58.7,24,85.5,2,1,1,1
636,M,25,175.6,82.1,27,120,1,0,1,1
640,M,38,168.2,79.5,28,119,2,1,1,1
643,F,51,164,56.7,21,97.7,1,1,1,1
644,M,19,173.4,99.7,33,120,1,0,1,0
645,F,72,161.1,59.3,23,50.6,0,1,1,1
651,M,44,168.1,60.2,21,115,2,1,1,1
652,F,26,162.2,98.6,37,120,2,1,1,2
658,M,38,181.4,92,28,120,1,1,1,1
661,M,55,167.7,55.3,20,89.4,1,1,1,2
663,M,45,190.9,139.2,38,120,2,2,1,1
664,F,83,157.5,91.4,37,94.6,0,1,0,0
666,F,67,157.6,69.5,28,48.3,2,1,2,2
669,M,51,176.6,80.7,26,119,1,1,1,1
670,F,29,163.7,92.5,35,120,2,1,1,1
671,F,44,166.8,77.8,28,120,1,2,1,1
674,F,58,151.4,81,35,64.3,1,1,1,1
675,M,85,156.4,81.7,33,52.9,2,1,0,0
679,M,22,167.9,60.3,21,120,2,1,1,1
681,F,24,158,58.6,23,77.2,1,1,1,1
686,F,33,163.4,64.4,24,81.3,1,1,1,2
689,M,60,171,69.3,24,92.8,2,1,1,0
700,F,39,149.8,64.7,29,77.1,1,0,1,2
704,F,20,167.9,63.4,22,120,2,1,1,0
705,F,40,167.6,126.2,45,119,1,1,1,1
708,F,29,160.9,44.8,17,65.2,1,1,1,1
714,F,74,159.6,73.9,29,59.4,1,1,2,1
717,F,56,163.4,71.6,27,120,1,1,1,2
721,M,71,167.4,79.9,29,120,1,1,0,1
729,F,45,153.4,59.5,25,89,1,1,0,0
730,F,26,163.8,51.9,19,101,1,1,1,0
736,M,31,179.5,83,26,120,0,1,1,0
738,F,40,153.2,58.4,25,49.6,0,1,0,1
739,M,22,164.9,51.3,19,100,2,1,2,0
743,M,75,168.1,58.2,21,44.5,1,1,1,1
745,M,19,184.2,87.3,26,120,1,1,2,1
747,F,24,157.5,59.8,24,115,1,1,1,1
749,M,69,177.5,126.6,40,120,1,1,1,1
751,M,85,177.1,80.6,26,30,1,1,1,0
755,M,69,167.1,108,39,120,2,1,2,1
756,M,39,185,86.7,25,91.4,1,1,1,1
757,F,26,158.5,52.9,21,91.3,1,1,1,1
761,M,31,175.4,77.8,25,120,2,1,1,1
763,F,19,164.2,53.3,20,114,1,1,0,0
764,M,80,175.7,90.9,29,52.6,2,1,1,1
765,F,49,169,66.9,23,114,1,2,0,1
766,F,41,157.8,123,49,120,2,2,1,1
770,F,60,150.8,89.5,39,114,0,1,1,1
783,F,85,155.96,65,27,34,1,1,0,0
784,F,42,167.3,79.5,28,120,1,1,2,1
785,F,71,168.2,83.2,29,86.9,0,1,2,2
787,M,19,181.7,80.5,24,120,2,1,1,1
788,F,41,169,121.8,43,120,1,1,1,1
791,F,81,159.6,66.5,26,68.1,1,1,2,2
801,M,24,172.7,96.8,32,120,1,1,1,1
802,F,29,165,91.5,34,120,2,1,1,0
804,F,62,162,79.5,30,116,0,1,1,0
806,F,19,167.4,64.1,23,120,0,1,1,1
810,F,64,164.6,93.8,35,97.9,2,2,1,0
812,M,23,167.8,61.8,22,120,1,1,0,1
816,M,43,176.8,82.9,27,101,1,0,1,2
826,M,48,174.3,72.4,24,84.1,1,1,1,1
830,F,73,157.3,77,31,72.5,1,1,1,0
832,F,45,165.3,65.3,24,103,2,1,1,2
839,M,78,171.4,74.3,25,90.1,2,1,1,1
841,M,30,170.4,96.4,33,120,2,1,1,1
847,M,19,163.4,57.9,22,76,0,1,1,1
854,F,67,156.8,60.4,25,80.1,2,1,0,2
859,F,35,173,72.2,24,110,2,2,1,1
860,F,19,163.6,82.7,31,119,2,1,2,2
867,M,19,178.1,53.6,17,87.5,0,1,1,1
871,F,30,168.8,85.3,30,120,1,1,0,1
874,F,19,162.7,62,23,107,2,1,2,1
885,M,54,165.7,71.7,26,120,0,1,1,1
887,M,19,166.5,52.1,19,120,1,2,1,0
889,M,42,176.9,89.9,29,120,1,1,1,1
895,M,74,173.5,137.7,46,120,0,1,1,2
897,M,81,168.4,60.8,21,53.6,2,1,1,2
899,F,19,161,51.6,20,107,2,1,1,2
907,F,52,155.9,78.8,32,98.6,1,2,2,1
908,F,28,157,101.8,41,120,1,2,1,0
911,M,42,163.3,70,26,120,2,1,0,2
914,M,58,175,105.9,35,109,1,1,1,2
917,M,46,164.2,110.3,41,120,1,1,0,0
922,M,52,180.6,83.3,26,120,1,1,1,1
926,F,40,168.2,63.8,23,97.8,1,1,2,1
927,F,45,159.7,67.5,26,72.1,2,1,1,1
928,F,40,171.3,81.9,28,120,0,1,1,1
930,M,26,164.2,86.6,32,120,1,1,1,1
936,F,47,163.9,82.3,31,120,2,1,2,1
944,F,62,162,55.7,21,71.2,1,1,2,1
952,F,21,158.4,84.5,34,120,2,2,1,1
959,F,68,158,74.9,30,110,1,1,1,0
961,M,46,188.2,93.7,26,120,1,1,1,1
965,F,32,157,71.6,29,67.1,2,1,1,1
967,F,55,161.6,71.4,27,83.3,2,1,1,0
968,M,30,153.6,60.8,26,120,1,1,1,1
971,M,67,173.5,85.9,29,66.5,2,1,1,2
972,M,51,169.2,78.9,28,77.4,2,1,1,1
974,M,61,164.2,52.5,19,70.2,1,1,2,1
977,M,68,176,71.3,23,92.6,1,0,0,1
985,F,53,159.7,79.1,31,104,2,0,2,2
987,F,44,162.7,72.4,27,103,1,1,1,2
988,M,37,159.7,68.9,27,56,0,1,1,1
1005,M,70,168.4,75.2,27,91.4,1,1,2,2
1007,M,52,183.6,76.3,23,104,2,1,1,2
1015,F,46,156.4,116.9,48,120,2,2,1,2
1017,M,45,173.6,72.5,24,111,1,1,1,1
1018,M,23,163.5,65.6,25,106,1,2,1,1
1019,F,19,158.4,72.8,29,90.4,0,1,2,1
1020,M,70,159.1,72.8,29,73.7,2,1,1,2
1021,F,45,159,53.1,21,72.6,0,1,1,1
1024,M,28,182.4,93,28,120,1,1,1,1
1025,F,56,165.4,80.3,29,101,1,1,1,1
1026,F,57,155.4,61.4,25,51,2,1,1,2
1032,F,31,175,58.9,19,82.4,1,1,0,2
1042,M,62,172.1,83.4,28,34.9,1,2,2,1
1044,M,21,168.3,71.7,25,120,1,0,1,1
1045,F,43,157.3,61.6,25,110,1,1,1,0
1046,M,29,163.9,59,22,107,2,2,1,1
1050,F,70,151.4,72,31,72.6,1,1,2,0
1051,F,74,158.2,71.9,29,62.9,1,2,1,2
1052,M,44,173.8,84,28,84.2,2,1,1,1
1053,M,43,176.3,90.9,29,120,2,1,1,2
1057,M,41,177.7,91.5,29,120,1,1,1,0
1061,M,37,189.7,94.4,26,120,1,1,0,2
1077,F,44,160,66.2,26,82.4,0,2,1,0
1078,M,39,172.2,67.5,23,86.1,1,1,1,2
1079,F,32,171.3,61.7,21,120,0,0,1,0
1084,F,46,162.4,57.9,22,102,0,1,0,1
1090,M,63,186.4,104.1,30,120,0,1,1,0
1092,F,30,157.4,86.8,35,120,1,1,1,2
1094,M,82,168.6,82.7,29,62.3,2,1,1,1
1095,F,38,163.1,77.2,29,120,2,1,1,1
1099,F,28,156.1,55.4,23,120,1,1,2,1
1104,F,67,159.7,55.6,22,48.4,1,1,1,2
1105,M,39,178.2,71,22,120,1,1,2,2
1107,F,83,156.4,86.8,35,87.2,1,1,2,1
1108,F,48,153.4,53.7,23,62.7,1,1,1,1
1112,M,73,173.3,81.8,27,70.5,1,0,1,1
1114,F,44,172.2,74.5,25,72.8,2,1,0,2
1115,M,24,177.3,106.5,34,120,1,2,0,1
1118,F,21,169.8,99,34,120,1,0,1,1
1123,M,62,177.4,77.6,25,114,2,1,1,1
1125,F,32,161.5,50.3,19,81.2,1,1,1,0
1128,F,59,161.8,69.1,26,90.5,1,1,2,1
1130,F,31,177.5,101.8,32,109,1,2,1,1
1131,F,27,167.2,86.3,31,104,2,1,1,1
1134,F,65,160.3,117.7,46,83.4,1,1,1,1
1137,F,49,168.3,62.1,22,58.5,2,0,1,1
1138,M,63,180.7,92,28,120,1,1,2,0
1140,F,81,166.1,69.4,25,73.2,2,1,1,1
1141,M,46,187.1,93.6,27,120,2,1,1,2
1143,F,36,173.8,73.8,24,58.1,2,2,1,1
1145,F,26,162.1,88.7,34,120,2,1,1,1
1146,M,50,179.7,96.6,30,69,1,2,2,1
1152,F,25,156,62.6,26,120,1,1,1,0
1153,M,63,175.2,80.5,26,120,1,0,1,1
1156,F,23,155.9,78.7,32,72.5,1,1,1,1
1159,F,59,168.7,60.7,21,56.4,1,1,1,0
1160,F,45,177.5,76.5,24,84.1,1,1,1,0
1168,M,29,179.8,97.5,30,120,2,1,0,2
1169,F,38,163.2,61.1,23,120,2,1,0,2
1171,F,53,168.8,98.2,34,113,1,1,1,2
1172,M,76,172.4,76.4,26,57.6,1,1,1,1
1173,F,27,164,71.4,27,70,0,1,1,1
1175,M,54,176.6,122.2,39,120,1,1,1,1
1178,M,37,167.2,100.2,36,120,1,1,1,1
1185,M,19,181.4,77.3,23,120,1,2,1,1
1199,F,29,167.3,91.2,33,120,1,1,1,0
1200,M,20,177.3,67.6,22,120,1,2,1,1
1204,F,39,164.3,76.6,28,120,1,1,1,0
1209,F,43,158.6,80.2,32,96.7,2,1,2,1
1210,M,54,167.23,79.4,28,120,2,1,1,1
1211,M,44,177.1,88.2,28,120,1,1,1,1
1213,F,47,166.9,99.6,36,95.9,0,1,1,1
1216,M,66,167.8,77.5,28,76.6,2,1,1,1
1217,F,32,153.7,101,43,109,0,0,1,1
1218,M,50,185.3,88.8,26,100,2,1,0,1
1222,F,54,162.4,92.1,35,120,0,1,0,2
1225,M,76,170.2,115.1,40,120,2,1,1,0
1231,M,28,185.4,69,20,120,1,1,2,2
1233,M,74,159.8,65.7,26,78.2,1,1,0,1
1238,M,25,180.1,71.5,22,114,2,0,1,2
1245,F,35,163.8,51.1,19,75.4,0,1,0,0
1249,F,45,162.8,128.2,48,120,1,0,1,1
1253,F,63,156.6,84.2,34,101,2,1,2,1
1255,M,19,163.8,62.3,23,105,1,1,1,1
1258,F,61,157.6,65.3,26,87,2,2,0,2
1261,F,62,150.7,72.1,32,83,2,1,1,1
1262,F,32,160,92,36,30,1,1,1,0
1265,F,29,167.6,84.8,30,74.1,1,1,1,2
1275,F,26,156.6,52,21,77.8,2,1,0,1
1279,F,19,161.5,69.9,27,82.5,1,0,2,1
1280,M,85,175.5,93.7,30,65.7,2,1,0,1
1282,F,31,166.1,70.7,26,62.7,1,1,1,1
1286,F,71,162.3,52.5,20,37.2,1,1,1,2
1287,M,67,175.4,129.8,42,120,1,1,1,1
1290,F,35,167.4,57.9,21,77.2,2,2,2,1
1291,M,28,183.4,64.5,19,120,1,1,2,1
1293,M,25,183.3,100,30,120,1,1,1,1
1300,M,21,163.7,71.2,27,75.9,1,2,1,2
1310,M,19,186.7,145.3,42,120,2,1,1,0
1315,M,83,164.3,55.8,21,64,2,1,1,2
1318,F,30,168.2,62.7,22,90.5,1,1,1,1
1323,F,46,167.1,96.4,35,120,1,1,1,1
1326,M,46,185,144.8,42,120,1,1,1,1
1328,F,82,146.7,71.7,33,81.8,0,1,1,0
1329,F,85,163.3,69.4,26,71.5,1,1,2,0
1330,F,30,163.9,77.6,29,120,1,1,1,0
1341,F,20,160.9,75.4,29,102,1,1,1,0
1342,F,19,152.7,50.2,22,76.3,2,2,1,1
1344,M,57,171.6,97.4,33,102,1,1,1,1
1345,F,74,159.9,76,30,79,1,1,1,1
1351,F,81,164.6,56.5,21,41.4,1,1,2,1
1355,M,35,179,88.2,28,120,2,1,2,1
1356,F,39,161.3,56.2,22,68.4,1,1,2,0
1359,M,70,162.2,64.9,25,68.6,1,1,1,1
1362,M,65,175.4,118,38,120,2,0,1,1
1363,M,64,180.4,108.7,33,120,1,1,2,1
1364,M,81,159.8,66.9,26,89.9,0,2,1,2
1367,M,69,165.7,66.3,24,93.4,1,1,1,1
1370,M,82,175.2,85.3,28,88.1,2,1,2,0
1374,F,62,176.3,73.4,24,79.5,1,2,2,2
1379,F,19,161,91.2,35,120,2,1,1,0
1380,M,39,184.1,109.4,32,120,0,1,1,0
1383,M,73,175.4,93.5,30,96.7,2,1,0,0
1384,M,43,189.1,92.1,26,120,2,1,1,1
1385,M,19,167,64.8,23,110,2,1,1,1
1388,F,33,161.2,69.3,27,120,2,1,1,1
1392,M,61,177.6,88.2,28,114,1,1,1,1
1395,F,78,151.8,42.9,19,44.2,0,1,0,1
1398,M,54,177,91.3,29,120,1,1,1,2
1399,M,19,167.5,59,21,100,2,1,1,1
1400,F,69,174.3,119,39,50.9,1,1,1,2
1402,F,50,162.8,65.3,25,80.7,1,1,1,2
1405,F,30,160.9,80.6,31,111,1,1,1,0
1406,M,21,180.1,132.1,41,120,0,1,1,1
1418,F,64,161,81.8,32,96.6,1,1,1,1
1421,F,32,160.4,77.6,30,83.8,2,2,0,1
1429,M,50,171.5,85.8,29,120,1,1,1,1
1430,M,60,153.2,51.2,22,52.7,1,1,0,1
1432,F,27,162.2,84.4,32,120,2,1,1,1
1433,F,53,158.6,53.8,21,85,2,1,1,1
1436,M,65,166.2,73.8,27,75.4,1,0,0,0
1438,F,23,155.7,60.7,25,120,2,1,1,0
1439,F,33,149.2,76.6,34,95.8,1,1,1,2
1444,M,48,182.5,80.8,24,116,2,1,2,1
1446,M,48,160,78.8,31,81.9,1,1,2,2
1448,F,37,163.8,54.6,20,93.5,0,1,1,1
1450,M,29,181.8,117.4,36,120,1,0,1,1
1455,F,44,163.7,63,24,120,2,1,1,1
1457,M,83,171.7,90.4,31,120,0,1,1,1
1464,M,81,158.2,63.8,25,70.6,1,1,2,1
1466,M,49,176,73.3,24,88.2,1,1,1,1
1467,F,36,158.4,46.8,19,52.2,2,1,2,1
1469,M,23,170.9,83.9,29,120,2,1,1,2
1479,F,80,159.8,55.3,22,43.5,0,0,2,1
1489,F,64,153.9,72.2,30,120,1,1,1,2
1499,F,35,173.1,73.1,24,120,1,1,0,1
1500,F,55,162.2,89.4,34,120,2,1,0,1
1504,F,56,146.7,71.9,33,120,1,1,1,1
1505,F,34,163.4,70.7,26,120,2,1,0,1
1507,M,19,183.8,74.2,22,120,1,1,1,0
1516,F,28,153.8,84.1,36,113,2,1,1,1
1529,M,19,173.5,56.8,19,120,0,0,2,2
1533,M,25,192.1,65.1,18,120,2,1,1,2
1539,F,44,165.1,62.6,23,59.6,1,1,2,1
1544,F,47,165.2,87.4,32,96.9,0,1,1,1
1558,M,45,173.9,64.7,21,107,0,0,1,1
1565,M,63,171.7,83.1,28,120,1,1,2,1
1570,M,43,181.5,100.3,30,120,1,1,1,2
1574,M,77,179.5,90,28,79.5,2,0,1,1
1576,F,46,157.7,59,24,119,2,0,1,1
1582,F,20,163.6,76.5,29,120,0,1,0,1
1583,F,73,156.1,75.9,31,56.6,1,1,1,1
1587,M,39,181.1,94.1,29,120,2,1,1,1
1596,M,69,182.1,126.4,38,120,1,1,2,2
1603,F,62,154.9,66.3,28,71.8,1,1,1,0
1605,M,19,183.5,79.3,24,120,1,1,1,1
1608,F,79,164.8,85,31,57.2,1,1,1,1
1614,F,31,158,61.6,25,78.5,2,1,1,1
1621,F,54,163.2,70.2,26,75.8,1,1,1,0
1622,F,39,157.2,54.8,22,83.8,1,0,0,2
1623,F,67,170.3,71.8,25,120,2,1,1,1
1625,F,32,149.1,54.7,25,75.8,2,1,1,2
1629,F,36,160.7,68.9,27,87.2,1,1,1,1
1630,M,70,183.5,82.7,25,91.4,1,1,1,2
1632,M,24,185.7,78.5,23,120,2,1,1,1
1634,M,54,191.1,101.5,28,106,0,1,0,1
1635,M,39,162.1,75.4,29,120,0,1,1,1
1636,F,38,154.4,80.3,34,119,0,1,1,0
1640,F,34,162.8,68.8,26,86.1,2,1,0,2
1642,M,45,181.8,108.6,33,120,2,1,0,1
1643,F,44,167.9,87.6,31,91.9,0,1,2,1
1644,F,69,157.8,118.6,48,87.2,1,1,0,0
1646,M,40,184.7,81.1,24,120,1,1,1,1
1648,F,58,159.3,80.1,32,98.2,0,1,0,1
1649,F,80,150.1,76.4,34,73.1,1,1,2,1
1658,F,85,154.8,54,23,68.8,2,1,1,1
1660,F,69,157.2,88.2,36,120,1,1,0,1
1662,F,76,151.9,68.5,30,64.7,1,1,1,1
1665,F,76,157.8,76.9,31,58.7,2,1,1,1
1670,F,25,168.1,108.5,38,120,1,1,1,2
1671,F,21,159.5,77.2,30,120,1,1,1,1
1678,F,55,147.7,55,25,84.9,1,1,1,1
1679,F,26,158.7,98.7,39,120,0,2,1,2
1680,F,21,171.8,65.7,22,109,2,1,0,1
1688,M,42,171.9,96.6,33,120,2,0,1,2
1690,M,49,168.2,82.6,29,112,1,1,2,1
1692,M,62,175.3,86.3,28,86.6,1,0,1,0
1693,M,38,181,96.4,29,120,1,1,1,2
1697,M,50,175,102.5,33,120,1,0,1,0
1699,F,67,162.7,99.9,38,120,1,1,0,1
1707,F,19,143.7,43.3,21,65.8,1,1,1,2
1710,F,34,164,78.4,29,42.8,1,1,1,1
1711,F,28,158.1,72,29,85.8,1,2,1,2
1712,F,19,157.2,95.5,39,120,1,1,1,2
1715,F,56,169.4,115.7,40,120,1,2,1,0
1718,F,81,155,68.3,28,43.6,1,1,1,2
1719,M,46,178.3,90.4,28,72,0,1,2,1
1720,F,34,153.4,47.9,20,60.5,2,1,1,0
1722,M,21,191.9,96.7,26,120,2,1,1,1
1725,F,39,145.4,94.9,45,109,0,1,2,1
1726,F,31,157.8,80.2,32,120,2,1,1,1
1728,M,79,174,81.9,27,90.1,1,1,1,1
1732,F,71,165.9,83.3,30,83.8,1,1,0,0
1734,M,56,169.1,61.5,22,98.3,2,0,1,1
1745,F,51,169.5,64.6,22,51.4,0,1,0,1
1748,F,26,167.9,87.8,31,120,1,1,2,1
1749,F,28,164.8,72.1,27,86.7,1,0,2,1
1752,F,52,159,83.5,33,120,0,1,1,1
1755,F,84,147.6,50.5,23,31.5,1,1,1,0
1758,F,57,156.9,62.1,25,52.5,1,1,1,1
1764,F,28,160.5,95.8,37,120,2,1,1,1
1765,M,41,168.8,80.6,28,120,0,1,1,2
1768,M,19,158.9,116.2,46,120,1,1,1,1
1770,M,85,182.6,73.8,22,64.1,1,1,2,1
1772,F,66,154.6,89.3,37,94,2,0,2,1
1773,M,42,174.3,69.5,23,120,2,1,1,2
1777,M,48,171.2,74.7,25,114,1,1,1,0
1778,F,29,162.6,70.5,27,120,1,0,1,1
1781,F,34,166.2,60.7,22,56.7,2,1,1,1
1787,M,64,160.6,84.4,33,116,2,2,1,0
1790,F,19,167.8,59.5,21,120,2,1,1,2
1792,M,22,176.7,88.6,28,120,1,1,1,1
1799,F,60,148.5,49,22,53.2,0,1,1,1
1813,M,56,170.7,86,30,93.8,2,2,0,0
1814,F,66,158.3,81,32,85.3,2,1,1,2
1816,F,29,169,50.8,18,113,1,1,1,1
1818,F,25,154.5,69.8,29,98.7,1,1,0,1
1819,F,45,168.3,104.5,37,120,0,1,1,1
1824,F,24,145.9,75.2,35,103,1,0,1,1
1825,F,36,163,86.3,32,120,1,2,2,1
1828,F,25,154.6,53.1,22,120,0,1,2,1
1831,F,46,159.9,73,29,92.1,1,1,1,2
1833,F,32,162,63.4,24,108,1,1,1,0
1837,M,54,175.1,133.8,44,120,1,1,1,2
1840,F,50,155.8,87.7,36,79.6,2,1,1,1
1846,F,32,145.3,57,27,93.2,1,1,1,1
1849,F,72,159.5,81.5,32,96.2,2,1,0,1
1859,F,53,160.4,95.5,37,120,2,1,1,1
1863,F,70,167.5,83.2,30,96.8,2,1,0,1
1872,M,33,182.4,81.9,25,120,0,1,1,0
1874,F,29,162,93,35,90.3,1,1,1,1
1881,F,23,165,104.6,38,120,1,1,1,1
1886,F,25,171.7,98.7,33,120,1,2,1,2
1892,M,44,181.1,85.3,26,120,0,1,2,1
1893,F,35,167.2,70.3,25,120,1,1,1,1
1895,F,85,159.7,80.9,32,52.5,1,1,1,1
1896,M,69,180.1,72.9,22,120,1,1,2,2
1897,F,33,152.3,55,24,80.8,2,1,2,1
1898,F,66,166.2,75.8,27,83.8,0,2,0,1
1902,M,45,165.4,108.3,40,120,2,1,0,2
1904,M,54,181.9,65.7,20,68.2,2,1,1,1
1905,F,30,155.3,85.3,35,120,1,1,1,1
1910,F,32,157.3,70,28,117,1,1,1,1
1914,F,22,150.5,43.5,19,71.3,1,2,1,1
1916,M,50,166.8,114.2,41,120,2,2,2,1
1922,F,20,169.1,138.6,48,120,1,1,1,2
1923,M,48,196.5,124,32,120,2,1,0,2
1924,M,36,176.6,86.8,28,119,2,1,1,1
1927,F,82,156.2,73.2,30,34.8,1,1,0,0
1934,M,37,178.3,87.2,27,120,0,1,1,1
1936,F,45,168.6,76.8,27,92.6,1,1,1,2
1937,F,21,165.1,57.9,21,73.3,2,1,1,1
1938,F,74,161.6,63.1,24,52.9,0,1,1,1
1954,M,48,167.6,70.6,25,104,1,1,1,1
1956,M,24,168.2,75.1,27,120,1,1,0,1
1957,M,39,154.6,71,30,120,1,1,1,0
1958,M,78,174.3,75.1,25,76.1,0,1,1,1
1959,F,22,170.6,101.8,35,120,1,0,1,0
1962,F,60,177.6,77.8,25,82.6,1,1,0,0
1966,M,76,176.2,101.8,33,34.7,1,2,1,1
1968,F,50,161.2,62.8,24,71.7,2,1,1,1
1972,M,21,177.9,66.4,21,97.1,0,1,1,0
1978,M,19,183.6,64.4,19,120,2,1,1,2
1981,F,36,155.5,74.8,31,111,1,2,1,1
1984,M,30,172.6,62.6,21,89.4,1,1,0,1
1991,M,57,174.3,72.5,24,85.3,1,1,1,1
1993,F,25,166.5,58.7,21,69.3,2,1,1,1
1998,F,22,169.1,68.3,24,53.2,2,1,1,1
2001,F,66,165.3,64.1,23,71.8,1,2,0,0
2005,M,30,184,83.7,25,120,1,2,1,1
2006,F,83,158.9,46,18,38.2,1,0,1,2
2010,F,35,161.6,63.7,24,120,1,1,1,1
2011,M,67,166.3,95,34,120,0,1,1,1
2015,M,63,173.9,77.2,26,118,0,1,1,0
2016,F,42,162.9,92.9,35,120,2,1,2,2
2021,M,21,174.2,65.5,22,120,1,1,1,1
2027,M,19,157.1,57.6,23,81.3,0,1,1,1
2030,F,78,148.9,52.3,24,72.2,1,1,0,1
2031,M,20,177.2,95.1,30,111,1,1,1,1
2044,F,25,162,69.6,27,120,2,1,1,0
2049,F,85,150.4,59.2,26,51.9,2,1,0,0
2050,M,36,178,80.1,25,120,0,1,1,0
2052,M,43,171.1,68.1,23,116,1,1,1,2
2062,F,54,158.1,84.6,34,119,0,2,0,2
2066,F,85,157.6,51.5,21,30,0,1,1,2
2070,M,58,162.6,74.4,28,120,1,1,1,1
2072,M,25,196.7,180.2,47,120,1,1,1,2
2073,F,85,156.8,58.9,24,33,2,2,2,1
2079,F,85,158.2,54.6,22,55.4,1,0,2,2
2089,F,80,154.7,82.8,35,68.2,1,1,1,2
2090,F,23,164.2,52.8,20,120,1,1,1,1
2091,M,20,170.3,82.6,28,120,2,1,1,1
2093,F,62,169.1,88.5,31,95.9,2,1,1,1
2103,M,61,164.4,69.6,26,102,1,2,1,1
2105,M,25,173.8,88.7,29,120,1,1,0,1
2110,F,49,169.8,63.7,22,82.4,2,1,1,1
2114,M,58,168.3,104.8,37,120,1,1,1,1
2115,F,64,160.2,82.3,32,94.7,2,1,1,0
2127,F,28,159,80.4,32,120,1,2,0,0
2128,M,19,184.7,71.3,21,120,2,0,1,2
2131,M,19,174.3,75.8,25,104,1,1,1,2
2132,F,37,161.1,58.6,23,120,1,1,1,1
2138,M,31,191.8,114.5,31,120,2,1,1,0
2140,M,38,167.6,84.6,30,120,1,1,0,2
2142,M,42,174.2,91.8,30,120,0,1,0,1
2150,F,81,168.9,80.5,28,66,1,0,1,1
2155,M,21,164.8,67.6,25,120,2,1,2,1
2156,M,22,166.5,69.9,25,120,1,1,1,0
2157,M,50,165.6,83.9,31,120,1,1,0,0
2159,M,51,166.5,66.5,24,110,1,1,1,1
2172,M,40,166.6,102.1,37,120,1,1,1,2
2174,F,45,173.6,96.2,32,120,2,0,1,1
2175,F,29,166.6,70,25,98.6,1,1,1,0
2176,M,28,178,65.6,21,120,0,2,2,2
2181,F,70,158.4,77.3,31,87.5,1,1,1,1
2183,F,41,171.1,63.8,22,118,1,0,1,0
2186,M,30,170,117.8,41,120,2,1,0,1
2187,M,40,199.2,163.2,41,120,1,1,1,1
2188,M,66,180.1,60.3,19,107,1,0,1,2
2189,M,32,174.9,100.1,33,120,1,1,2,0
2194,M,20,172.4,108.2,36,120,1,2,1,0
2195,M,19,162.9,54.6,21,94.6,1,1,1,1
2197,M,59,187.9,95.7,27,120,1,0,1,1
2198,F,23,174.5,69,23,97.3,2,1,1,1
2202,F,47,162.9,56.4,21,50.8,2,1,2,2
2206,M,49,158.7,59.7,24,80.3,2,1,2,1
2210,F,75,154.5,58.8,25,66.4,2,0,0,1
2211,M,43,176.3,83.1,27,120,1,1,0,1
2213,F,29,157.1,68.1,28,108,1,1,1,0
2217,M,76,167.3,79.1,28,84.7,1,1,1,1
2218,M,45,181.1,119.1,36,120,1,1,0,1
2222,M,19,175.5,84.3,27,120,1,0,2,1
2223,M,85,167.1,85.2,31,67.1,2,2,1,2
2225,M,42,180.4,113.4,35,120,1,1,1,1
2226,M,72,160.2,75.6,29,86,1,1,0,0
2227,M,53,178.2,54.3,17,104,1,1,1,2
2229,M,81,166.8,77.9,28,68.6,1,2,0,1
2232,M,43,179,105.1,33,120,1,1,1,2
2235,F,23,162.2,96.2,37,120,1,1,1,1
2239,M,56,171.6,97.7,33,120,2,2,2,2
2241,M,41,175.3,107.1,35,120,0,1,1,0
2244,M,19,173.6,64.6,21,120,1,2,1,2
2253,M,19,154.1,53.4,22,120,1,1,1,1
2257,F,34,170.5,111,38,120,2,1,1,1
2258,M,41,180,125.9,39,120,1,1,1,2
2262,M,72,170.4,86.1,30,94.6,1,0,2,2
2268,F,50,159,72.8,29,97.9,2,1,2,1
2271,M,62,187.1,84.4,24,99.4,0,1,2,1
2281,M,63,173.2,93.3,31,117,2,1,1,1
2283,F,22,160.9,85.8,33,91.9,1,1,1,2
2284,M,66,164.1,69.6,26,84.2,2,1,0,0
2292,F,67,167,65.2,23,51.6,1,1,1,1
2298,M,33,180.1,100,31,120,2,0,1,0
2301,M,20,185.5,80.2,23,120,2,1,2,2
2306,M,49,175.4,78,25,120,0,1,1,1
2307,F,22,155.6,55.4,23,62.2,1,1,1,1
2308,F,32,163.4,71.3,27,120,1,1,1,1
2309,F,27,153.9,53.8,23,74.8,1,1,2,0
2311,F,50,165.1,93.6,34,120,2,1,1,2
2317,F,20,158.3,64.8,26,85,2,1,1,1
2319,M,82,175.6,77.5,25,70.1,2,1,2,1
2320,M,31,194,108.7,29,120,1,1,1,1
2321,M,58,172.9,92.9,31,91.2,2,1,1,1
2322,M,25,180.5,72.6,22,120,1,0,0,1
2327,F,22,156.8,44.5,18,120,0,1,1,1
2329,F,55,163.4,61.6,23,70.2,2,1,1,0
2331,F,40,166.7,53.2,19,95.2,1,2,0,2
2332,M,42,173.9,100,33,120,2,0,1,1
2337,F,72,159.6,70.9,28,64,1,1,0,0
2343,F,30,155.6,76.2,31,120,2,1,0,2
2344,F,56,159.5,60.4,24,76.8,2,2,2,1
2349,F,80,143.2,60.7,30,78.2,1,1,1,1
2350,F,43,163.8,90.1,34,113,1,1,1,2
2352,F,22,151.2,82.9,36,120,2,2,1,2
2353,F,38,153.5,78.4,33,120,2,1,0,2
2355,F,74,162.2,83.2,32,48.4,2,0,1,1
2357,M,45,158.8,83.6,33,120,1,1,1,2
2359,M,73,177.3,83.6,27,104,1,1,1,2
2360,M,83,162.5,77.2,29,75.5,1,1,1,1
2363,F,30,161.9,79.9,30,120,2,1,1,2
2367,F,43,162.9,91.8,35,120,1,1,2,1
2370,M,61,168.8,87,31,120,2,1,2,2
2374,M,44,170.3,117.9,41,120,2,1,1,1
2376,M,26,184.6,106.4,31,120,1,0,2,1
2378,M,65,173,94.4,32,52,2,2,0,2
2379,F,47,155,93.8,39,120,2,1,0,1
2380,F,25,174.4,130.7,43,120,1,1,1,0
2383,F,21,163.6,85.1,32,120,2,1,1,1
2387,F,78,162.2,64.3,24,30,2,1,1,1
2388,F,41,168.7,112.7,40,120,2,1,1,2
2389,F,20,168.3,75.5,27,120,1,1,1,1
2390,F,21,166.6,60.8,22,68.9,2,2,1,1
2391,M,49,165.3,72.8,27,120,2,1,2,1
2393,F,59,167.4,87.7,31,83.9,0,1,1,1
2394,M,22,164.3,59,22,87.9,0,1,1,1
2398,F,46,165.6,111.9,41,120,2,1,1,1
2404,M,85,165.7,84,31,90.4,1,1,1,2
2406,F,81,150.7,49.7,22,37.6,1,1,1,1
2421,F,20,153.9,54.6,23,78.9,2,1,1,2
2433,F,30,155.1,56.5,23,120,0,1,0,1
2438,F,66,166.5,92.3,33,120,1,2,1,2
2439,M,64,164.2,91.6,34,78,1,1,1,1
2442,F,19,163.1,68,26,102,1,1,1,1
2445,M,46,163.9,74.6,28,111,1,0,0,0
2451,F,26,154.5,78.3,33,85.7,2,1,2,1
2457,F,26,172.1,101.4,34,120,2,1,1,1
2465,F,46,170.2,52.9,18,66,0,2,1,1
2466,F,45,162.3,56.8,22,68.5,2,1,1,1
2467,M,70,171.6,55.4,19,61.9,2,1,1,2
2471,M,36,182.6,97.7,29,120,0,2,0,2
2474,M,26,168.7,66.5,23,107,1,1,1,1
2479,F,64,166.6,71.1,26,77.8,2,1,2,0
2482,F,49,155.4,65.4,27,97.6,1,1,0,1
2484,M,22,179.3,75.6,24,83.2,1,1,1,2
2497,M,66,175.5,99.5,32,103,2,1,2,1
2498,M,54,180.4,81.6,25,119,2,1,1,1
2499,M,80,180.1,65.5,20,47.5,1,1,1,0
2510,F,53,165.7,69,25,84.4,2,1,1,2
2513,F,49,165.6,99.5,36,120,0,1,1,2
2517,F,22,169.1,63.6,22,84.4,1,1,0,1
2521,F,24,162.8,57.1,22,120,1,1,1,0
2523,F,20,169.8,87.5,30,120,1,2,2,1
2529,M,53,168.5,94.9,33,120,1,1,0,2
2530,F,82,164,81.6,30,65,1,1,1,1
2532,F,33,154.5,51.4,22,36.7,1,1,1,0
2539,M,81,168.1,69.7,25,72.3,2,1,0,1
2541,M,72,178.6,118.6,37,120,2,1,1,1
2546,F,52,162.7,103.9,39,120,1,1,1,0
2549,F,44,153.1,63.7,27,98.9,1,1,2,0
2550,F,26,176.7,108.4,35,104,1,1,1,1
2551,M,63,177,80.4,26,98.8,2,2,1,1
2560,F,26,163,62.6,24,112,1,1,1,2
2561,F,45,161.5,57.9,22,96.9,1,1,1,1
2567,M,26,171.2,74.7,25,120,1,1,1,1
2571,M,44,172.3,68.7,23,120,2,1,1,1
2572,M,46,172.6,79,27,111,1,1,1,1
2573,M,85,173.9,59.7,20,40,2,1,2,2
2575,M,60,167.8,82.8,29,88.5,2,1,2,1
2576,M,26,178.8,85.4,27,120,1,1,0,1
2577,M,35,178.4,70.2,22,112,2,1,1,1
2580,M,32,168.1,80.2,28,120,0,1,1,1
2581,M,76,180.5,99.4,31,116,2,1,1,0
2584,F,26,160.1,81.1,32,120,1,1,0,1
2585,F,33,180.4,80.8,25,76.7,1,1,1,1
2587,F,46,167.6,82.9,30,61.3,2,1,1,1
2591,M,19,170.2,65.3,23,120,2,1,1,1
2592,M,62,168.9,68.2,24,93.5,2,1,0,1
2596,F,29,169.4,73.8,26,114,1,1,0,1
2600,M,38,173,101.1,34,120,1,1,1,1
2605,M,80,174,74.2,25,99.7,1,1,0,1
2606,F,58,168.5,90.8,32,120,2,1,2,1
2607,F,66,159.4,96.3,38,70.7,1,1,1,2
2608,M,75,176.7,76,24,90.3,1,1,1,2
2610,F,36,156.8,67.4,27,120,2,1,1,1
2612,F,38,164.4,52.5,19,76.2,2,1,1,1
2613,F,49,157.9,63.5,25,82.2,1,1,2,1
2614,F,48,155.3,116.7,48,120,1,1,0,1
2615,M,55,195.7,81.4,21,41.2,2,1,0,1
2616,F,20,167.6,49.3,18,37.5,1,1,1,1
2621,F,43,160.1,70.5,28,89.7,2,1,2,1
2625,M,62,166.5,60.6,22,72.9,2,1,1,1
2626,F,32,158.2,67.8,27,120,0,0,1,1
2627,F,85,158,54.5,22,30,1,1,2,0
2630,M,81,176.8,85.1,27,56.7,1,1,1,2
2631,M,27,184.5,87.8,26,120,1,1,1,2
2633,M,32,174.8,72.2,24,120,2,1,2,0
2634,M,27,181.4,86.5,26,120,1,1,1,1
2654,F,50,164.3,95.2,35,96.3,2,0,1,1
2656,F,59,155.9,108.6,45,78.1,2,1,2,1
2658,F,54,161.6,82.4,32,120,1,1,1,1
2660,F,37,155.8,75,31,107,2,1,1,0
2662,M,60,186.7,134.6,39,120,0,1,0,1
2664,F,34,177.1,116.7,37,120,1,1,2,2
2665,F,54,159.2,73.8,29,117,2,1,1,1
2667,F,53,149.9,86.5,38,110,1,1,1,2
2670,F,23,170.8,52.2,18,79.2,2,1,0,2
2671,M,32,170,60.5,21,75.6,1,2,1,1
2674,M,25,160.1,68.2,27,120,1,1,1,1
2680,F,51,171,80.2,27,73.3,1,1,1,2
2681,F,26,175.2,83.8,27,120,2,0,1,1
2685,F,20,163.1,68.5,26,120,1,1,2,1
2686,M,58,169.9,75.6,26,91.6,2,1,1,1
2695,M,39,169.5,109.8,38,120,2,0,1,1
2696,F,56,154.8,87.7,37,93.5,1,1,1,0
2697,F,26,160.2,74.8,29,76.8,2,1,1,0
2700,F,77,160.7,60.6,23,79.1,1,1,1,2
2701,M,69,153.2,59.7,25,87.9,1,1,1,2
2702,M,40,171.7,113.5,38,120,1,0,2,2
2713,F,23,162.3,66.6,25,98.9,0,1,1,1
2729,F,60,157,63,26,45.8,2,1,1,1
2731,F,25,156.4,42.8,17,64.6,1,2,1,1
2733,M,28,170.6,82.6,28,120,0,1,1,2
2736,F,40,159.2,105.3,42,120,2,1,1,1
2737,F,21,151.8,76.1,33,120,0,1,1,1
2738,F,63,158.2,91.3,36,120,1,1,1,1
2739,M,41,182.3,79.3,24,120,1,1,1,0
2748,F,34,157.1,109.2,44,120,0,1,1,1
2749,F,66,155.2,79.5,33,90.2,1,1,2,1
2751,F,32,154.3,55.3,23,95.3,1,1,1,1
2752,F,85,163.7,70.2,26,60,0,2,1,2
2757,F,72,154.1,78.3,33,87.3,0,1,1,1
2761,F,51,160.9,72.1,28,120,0,2,2,1
2762,M,33,177.5,152.3,48,120,1,2,1,0
2765,M,65,163.6,63.8,24,83.1,1,1,0,1
2766,M,75,165.1,69,25,60.5,1,0,0,2
2767,F,20,159.9,89.4,35,120,1,1,2,1
2780,M,23,174.6,107.7,35,120,1,0,1,2
2786,F,39,165.4,86.3,32,90.3,1,0,1,2
2787,M,83,176.2,65.6,21,66.6,1,1,1,1
2789,M,41,167.4,85,30,120,2,1,0,0
2791,F,53,159.3,102.9,41,59.7,2,1,2,1
2795,F,29,164.7,69.2,26,76.8,1,1,2,1
2797,F,51,154.5,86.5,36,99.9,2,2,1,1
2804,M,45,177.3,98.2,31,120,1,2,1,0
2807,M,32,178.7,85.6,27,120,1,1,0,1
2810,F,61,157.2,45.8,19,62.8,2,2,1,1
2811,F,31,161.7,63.6,24,120,2,1,2,0
2812,F,45,157.3,62.6,25,82.6,2,1,1,1
2815,M,66,179.4,92.9,29,120,1,1,1,0
2820,F,35,166.7,77.5,28,120,1,1,2,1
2825,M,19,159,44.8,18,102,1,1,1,1
2831,F,46,166.6,83.5,30,91.7,1,2,1,1
2832,F,40,167.7,57.3,20,86.7,0,0,2,1
2834,F,23,163,68.2,26,116,2,1,1,2
2836,F,64,140.9,59.1,30,76.8,0,2,2,1
2839,F,48,162.2,56.2,21,56,1,1,1,1
2840,F,80,150,80.3,36,91.7,1,0,1,2
2842,F,40,167.6,91.9,33,88.2,0,1,2,0
2851,F,83,154.1,69.5,29,47.2,2,1,1,2
2854,M,52,172.4,64.5,22,70.4,1,1,1,1
2856,F,25,167.7,76.4,27,120,2,1,2,0
2858,M,38,170.9,95.4,33,120,2,1,1,1
2859,M,81,172.3,67.8,23,81.7,1,1,1,2
2860,M,44,189.8,92.5,26,120,2,1,1,1
2862,M,36,170.4,89.5,31,99.4,1,2,1,1
2863,F,38,156.9,89.4,36,120,1,1,1,1
2864,F,50,155.1,58,24,72.5,0,1,1,0
2865,M,21,179.2,71.9,22,120,0,1,1,2
2873,F,27,159.1,74.7,30,115,2,1,1,2
2885,M,53,172.4,66.3,22,86.1,1,2,1,1
2896,F,40,158.3,36.7,15,56.3,1,2,1,1
2900,F,31,165.9,73.9,27,120,2,1,1,1
2904,M,28,195.7,79.2,21,120,0,1,1,1
2905,F,72,170.2,101.4,35,120,2,1,2,1
2906,M,22,178.5,103.9,33,120,1,1,1,2
2908,M,19,183.5,96.3,29,120,1,1,0,1
2911,M,66,181.9,98.5,30,116,1,0,2,1
2912,M,82,171,70.6,24,48.6,1,0,2,1
2914,F,29,167.3,70,25,83.4,2,0,1,1
2918,F,36,163.9,76.5,28,94.9,1,1,1,2
2920,F,29,160.8,111.3,43,120,1,1,1,2
2926,F,46,158.8,64.7,26,78,1,0,1,1
2927,M,30,180.3,85.6,26,120,1,1,1,2
2929,M,71,162.2,91.1,35,105,1,1,1,1
2932,F,60,163,61.5,23,74.5,2,1,2,2
2935,M,36,175.8,82.4,27,120,1,1,2,1
2939,F,23,165.8,120.1,44,120,2,2,0,1
2941,M,25,160.9,58.3,23,100,1,1,1,1
2949,M,65,170.4,76,26,94.2,1,1,1,2
2952,M,46,180.8,83.3,25,117,1,1,1,1
2956,M,71,185.7,79.3,23,109,2,1,1,2
2960,F,42,161.7,57,22,89.1,1,1,1,1
2961,F,62,155.6,65,27,86.7,1,0,2,1
2965,F,85,153.5,54.4,23,44.7,0,1,1,0
2968,M,65,182.1,110.8,33,120,1,1,0,2
2980,M,29,179.3,75.4,23,92.3,1,1,1,1
2984,M,64,161,90.7,35,117,1,1,1,1
2987,F,63,163.3,92.3,35,120,1,2,1,0
2990,F,29,163,54.7,21,101,2,1,0,1
2993,M,41,169.5,82.4,29,120,0,1,1,1
2994,F,30,169.2,76,27,120,2,1,1,1
2996,F,50,157.8,78.7,32,79.6,2,1,0,1
3008,F,35,166.6,64.6,23,114,1,1,2,1
3009,M,73,168.7,78.6,28,77,1,2,0,1
3010,F,26,157.4,53.1,21,110,1,1,0,1
3014,M,66,178.6,86,27,97.1,1,0,1,0
3016,F,66,167.6,74.7,27,56.7,1,1,1,1
3017,M,61,180.4,112.7,35,120,1,1,1,1
3028,M,44,165.7,49.7,18,78.9,1,1,1,1
3030,M,56,169.7,68.7,24,85.3,0,1,1,2
3031,M,45,174.4,71.4,23,99.2,0,1,1,1
3034,F,19,158.4,47,19,67.8,2,2,1,1
3035,M,58,173.6,99.5,33,120,0,1,2,1
3040,F,34,157.8,77.4,31,120,1,1,1,1
3041,M,84,168,67.9,24,58,0,1,0,1
3042,M,45,174.1,90.7,30,120,1,0,1,1
3044,M,47,162.2,73.8,28,120,2,1,2,1
3053,F,22,150.2,53.7,24,93.5,1,0,2,2
3054,M,73,159.9,71.1,28,77.8,1,1,1,0
3056,F,48,158.6,73.9,29,120,1,1,0,1
3061,F,41,151.5,71.7,31,79.8,0,1,1,1
3062,M,21,174,85.3,28,120,0,1,1,0
3067,F,60,152,100.8,44,101,2,2,1,1
3068,F,64,170.2,140,48,120,2,1,1,1
3070,F,28,155.4,74.8,31,89.9,2,1,0,1
3071,M,53,177.1,50.3,16,66.8,1,1,1,0
3075,M,45,184.3,92.6,27,120,2,1,1,2
3080,M,71,187.3,88.5,25,80,2,1,1,1
3081,F,60,164.6,75.3,28,66.5,2,1,2,1
3084,M,38,184.7,134.2,39,120,0,1,2,1
3085,M,19,183.2,88.3,26,31.3,2,1,2,1
3086,M,75,170.3,75.4,26,80.1,1,1,1,1
3091,M,65,179.1,84.2,26,120,2,1,2,1
3097,F,48,178,121.6,38,120,2,1,1,1
3099,F,29,168.1,65.8,23,120,1,1,1,2
3100,M,44,187.3,111.3,32,120,1,1,0,0
3107,M,19,183.6,86.5,26,120,2,1,1,1
3109,F,35,170.8,74.9,26,120,2,1,1,2
3112,F,43,166.7,61.6,22,57.8,1,1,1,2
3115,M,45,179.2,86.6,27,120,1,1,1,1
3117,M,61,169.2,84.5,30,120,1,1,1,2
3120,F,84,159.9,71.8,28,55.2,1,1,0,1
3122,F,71,170,74.6,26,66.1,1,1,1,2
3126,M,28,187.8,96.6,27,120,0,1,1,2
3131,F,28,162.2,50.3,19,79.2,2,1,1,1
3137,M,55,174.8,70.5,23,104,1,1,2,1
3140,F,57,154.9,42.9,18,64.7,1,2,1,1
3141,F,26,166.4,108.8,39,120,1,1,2,2
3144,F,37,176,62.8,20,61.6,1,1,1,1
3145,M,73,169.1,94.6,33,105,0,0,1,2
3152,F,19,169.5,71.8,25,88.4,0,1,1,1
3155,F,42,158.2,70.8,28,109,2,2,1,0
3157,F,31,147.3,82.6,38,83,2,1,0,1
3158,M,50,173.7,109.8,36,120,1,1,1,1
3159,M,61,168.7,75.1,26,80.8,0,0,1,1
3163,F,40,165.3,109.9,40,120,1,1,1,1
3164,F,22,155.6,83,34,120,1,1,0,0
3169,M,63,158.5,66.4,26,72.5,2,1,1,1
3176,M,44,172.3,67.1,23,120,2,2,1,1
3189,M,59,171.3,92.5,32,120,1,1,1,2
3194,M,46,178,90.4,29,120,2,1,1,0
3197,F,84,146.2,37.5,18,30,1,1,1,1
3199,F,41,157.9,61.9,25,64,2,1,1,2
3203,F,47,165.5,61.9,23,64.1,2,1,1,2
3204,M,50,176.3,109.8,35,120,0,1,0,1
3207,F,38,153.4,71.5,30,91.6,1,1,0,2
3209,M,21,173.5,72.5,24,120,1,1,1,1
3212,M,77,177.5,81.1,26,71,0,1,0,1
3214,M,19,173.8,81.1,27,120,2,2,1,2
3221,F,85,161.5,71.8,28,59,1,1,1,1
3225,M,21,175,72.4,24,120,1,1,1,2
3232,M,44,168.8,103.9,36,120,1,1,1,1
3237,F,24,165.7,64,23,120,2,1,1,1
3238,M,45,173.9,91.7,30,120,2,1,1,1
3239,M,60,177.1,90.4,29,112,2,0,1,2
3241,M,56,168.8,52.3,18,56,2,0,2,1
3243,F,30,166.5,73.8,27,120,0,1,1,2
3246,M,54,169,90.7,32,94.2,2,1,1,1
3248,F,23,162.2,56.1,21,86.1,1,2,2,1
3251,F,22,150.8,57.7,25,74.4,1,1,0,2
3252,M,24,174.3,76.8,25,101,1,1,0,0
3253,M,20,181.1,85.5,26,120,1,1,2,1
3254,F,29,164.1,61.4,23,67.6,1,1,1,2
3255,F,45,158.6,64.6,26,69.7,1,2,1,1
3259,M,21,178.1,77.5,24,120,1,1,1,1
3261,F,81,160.8,84.7,33,72.8,1,1,1,1
3263,M,77,174.7,127.6,42,91.5,1,1,1,1
3266,F,51,154.6,71.4,30,37.5,1,1,0,2
3267,M,67,179,97.8,31,120,1,1,2,1
3268,M,64,185.1,93.7,27,120,1,1,1,1
3271,F,50,153.7,95.1,40,91.9,2,1,0,1
3272,M,34,178.9,89.2,28,120,1,2,1,1
3273,F,29,154.8,64.4,27,119,0,1,1,2
3283,M,71,184.3,84.6,25,119,1,1,1,1
3285,M,66,178.1,85.4,27,120,0,1,1,0
3290,F,75,160.7,56.9,22,54.6,1,1,0,1
3292,M,37,186.5,95.1,27,120,2,1,0,0
3294,M,39,167.7,92.2,33,120,1,1,1,1
3295,F,40,162.2,56.8,22,81.8,2,1,1,1
3298,M,23,173.4,93.7,31,120,1,1,1,1
3299,F,36,156.4,54,22,79.9,1,1,2,0
3302,F,35,164.7,98.7,36,108,2,0,1,2
3304,F,65,155.2,83.1,34,104,1,1,1,1
3307,M,29,188.6,89.3,25,120,2,1,1,1
3308,F,65,154.6,69.8,29,64.4,1,1,0,1
3309,F,22,150.5,40.9,18,85,1,1,1,2
3322,M,27,181.1,111.9,34,120,2,1,1,1
3329,F,60,166.5,72.5,26,67.1,1,0,1,1
3331,M,78,164.4,72.6,27,85.6,2,1,1,1
3332,M,77,177.3,79.2,25,82.5,0,1,1,1
3334,M,35,176.2,103.1,33,120,1,0,1,2
3336,M,85,164.6,64.5,24,45.2,2,1,1,1
3339,F,44,165.5,69,25,68,1,0,1,2
3340,M,34,170.5,129.3,44,120,2,2,1,1
3341,M,32,176,64.4,21,91.1,1,1,1,1
3343,F,62,165,69.5,26,66.7,2,1,0,2
3346,M,35,173.5,107.6,36,120,1,1,1,0
3351,M,46,176.6,63.9,20,91.7,1,1,2,1
3353,M,33,178.8,73.8,23,106,2,1,1,1
3358,M,19,175.8,121.7,39,83.8,1,1,1,1
3370,F,85,163.6,61.3,23,47.4,1,1,1,1
3373,F,34,161.4,70.7,27,109,2,1,1,1
3378,M,75,176.4,83.8,27,120,1,1,2,1
3379,M,26,171.3,63.2,22,120,1,1,1,1
3396,F,28,155.7,47.5,20,103,1,1,1,0
3397,F,26,161.1,100.3,39,120,2,1,1,1
3402,M,73,180,93.8,29,84.7,1,1,2,1
3417,M,30,171,75.6,26,120,1,1,1,1
3418,F,85,149.9,38.7,17,47.4,2,1,1,2
3419,M,31,181.5,84.3,26,120,1,1,2,1
3421,M,64,165,114,42,115,0,1,2,1
3426,M,31,176.1,91,29,120,1,1,0,2
3427,F,56,167.5,61.1,22,71.3,1,2,1,1
3435,M,51,186.8,96.8,28,120,1,1,1,2
3439,F,78,156.6,79.4,32,66,1,1,1,2
3441,M,19,165.9,69.2,25,120,2,0,0,1
3445,F,27,169,68.4,24,98.1,1,2,1,1
3446,F,51,160.2,97.7,38,120,1,1,1,2
3447,M,47,178.3,95.1,30,120,1,1,1,0
3448,M,24,179.7,80.4,25,120,1,1,0,0
3449,F,56,151.7,97.1,42,95.3,2,1,1,2
3450,M,19,187.2,75.8,22,120,2,1,1,1
3457,F,61,173.6,90.2,30,120,1,1,1,1
3459,F,36,162.5,79.1,30,117,1,1,0,1
3461,F,80,156.2,57.3,23,71.2,1,1,1,1
3463,F,25,158.3,97.7,39,120,1,1,1,1
3468,F,22,154.6,72.1,30,112,2,1,1,1
3471,F,19,165.8,58.9,21,56.1,1,1,1,0
3475,F,55,156.6,76.5,31,72.4,1,1,1,1
3476,M,34,178.6,94.3,30,120,2,1,1,1
3491,M,33,180.2,102.9,32,120,1,1,1,1
3495,F,39,160.6,78,30,120,1,1,2,1
3496,F,85,156.4,54.7,22,43.3,0,1,1,0
3502,M,23,174.1,84,28,120,0,1,1,2
3507,M,54,182.5,87.2,26,117,1,1,2,1
3513,F,21,164.5,70.6,26,120,1,1,0,2
3516,M,22,163.5,75.7,28,120,2,1,1,1
3517,M,60,170,85.3,30,103,1,1,1,1
3524,F,33,167.1,126.5,45,120,1,0,1,1
3532,F,20,168.7,78.5,28,117,1,2,1,1
3534,M,81,171.9,87,29,97.7,2,1,1,1
3538,F,67,155.4,97.9,41,104,1,1,1,0
3540,F,61,155.8,55.1,23,69.4,1,2,1,1
3541,M,54,189,90.9,25,112,1,1,1,0
3556,M,77,164.9,96.1,35,115,1,1,1,1
3557,F,82,159.8,61.9,24,67.3,1,1,1,1
3559,M,77,168.4,101.3,36,120,1,1,1,1
3562,M,58,169.4,85.6,30,120,1,1,2,1
3566,F,40,178.1,124.3,39,120,1,1,1,1
3571,M,69,172,88.1,30,120,1,2,1,1
3578,M,75,161.1,55.6,21,57.7,1,1,0,1
3580,F,53,150.3,68.2,30,103,1,1,1,1
3583,F,84,160,63.9,25,63.1,2,0,1,0
3587,M,65,173.1,110.5,37,97.5,2,1,2,2
3588,F,40,150.1,84.2,37,114,1,1,2,1
3595,M,41,185.5,71.2,21,95,2,2,1,1
3596,M,20,184.9,70.7,21,120,2,0,2,2
3600,F,19,150.2,61.1,27,101,1,1,2,1
3601,F,29,165.5,90.2,33,120,2,1,1,1
3605,F,76,164.1,73.9,27,31.5,2,0,2,1
3610,M,19,163,78.4,30,120,1,1,1,2
3611,F,28,153.1,65,28,112,0,1,1,2
3616,M,80,159.4,54.7,22,67,1,2,1,1
3622,F,55,166.2,83.3,30,89.9,2,1,1,1
3623,F,42,162.2,115.8,44,120,2,1,1,1
3624,M,57,170.6,78.6,27,83.9,0,0,1,2
3627,F,47,168.7,75.6,27,92.2,0,1,1,0
3629,M,67,182.5,92.5,28,95.7,2,2,2,0
3630,M,48,183.3,121.8,36,120,0,2,1,2
3632,M,39,174.6,71.2,23,120,1,0,2,1
3635,M,19,182.3,132.4,40,120,2,1,1,1
3637,F,42,177.8,67.7,21,81.6,1,2,1,1
3639,M,47,173.9,67.4,22,96.7,2,1,1,1
3645,F,66,162.8,57,22,62.2,1,2,1,2
3648,M,46,176.3,110.6,36,120,0,1,1,1
3658,M,37,174.8,84.8,28,120,1,1,1,1
3660,M,26,185.6,80.7,23,120,1,1,1,0
3661,F,30,166.3,65,24,120,2,1,1,1
3663,F,19,161.3,53.1,20,91.4,0,2,1,2
3668,F,59,155.3,54.8,23,50.4,0,0,1,2
3670,M,82,161,52.3,20,75.2,1,1,1,0
3675,M,37,174.5,78.5,26,120,1,2,1,0
3679,F,42,159.6,75.1,29,120,1,1,0,0
3688,F,22,162.6,63,24,104,1,2,1,2
3690,F,54,162.3,69,26,98.7,1,1,1,0
3693,M,26,176.2,123.2,40,120,2,1,1,2
3695,M,70,156.7,67.9,28,93,1,1,2,1
3698,F,42,161.9,59.1,23,99.1,1,1,1,1
3701,F,32,166.3,106,38,120,2,2,1,1
3703,F,77,159.4,65.4,26,57.9,1,1,1,1
3709,M,53,182.5,92.4,28,120,2,1,1,1
3710,M,66,168.4,78.8,28,30,1,1,1,1
3712,F,38,168.7,69.2,24,100,1,1,1,1
3713,F,19,167.2,110.6,40,120,2,1,0,1
3715,M,56,183.8,123.2,36,120,1,1,1,1
3718,F,44,152.6,91.9,39,120,1,2,1,1
3719,F,45,165.7,67.1,24,103,1,1,1,0
3720,F,40,159.3,76.3,30,119,0,1,0,2
3722,M,63,183.7,137.6,41,120,0,1,0,0
3723,M,59,176.5,98,31,120,1,1,2,0
3724,F,25,157.1,63.3,26,83.4,1,1,1,2
3732,F,60,163.8,89.2,33,78.7,2,1,0,1
3733,F,45,165.7,65.2,24,118,1,1,1,2
3739,F,29,172.1,94.9,32,120,2,2,0,1
3746,F,28,154.7,73.8,31,116,2,1,1,1
3748,M,64,164.1,76.1,28,102,0,2,0,1
3755,M,40,177.5,74.3,24,120,1,1,1,1
3761,M,64,177.2,134.4,43,120,1,1,1,1
3765,M,32,178.3,85.8,27,120,1,1,2,2
3766,F,28,165,49.9,18,74.1,0,1,1,2
3767,M,55,186.9,84.2,24,113,1,1,1,1
3769,M,35,169.2,61.1,21,60.2,1,1,1,1
3771,M,55,182.5,84.8,25,111,2,0,0,2
3774,M,42,173.8,81.8,27,120,1,1,0,1
3777,F,47,162.1,78.3,30,95.5,1,1,1,1
3779,F,73,156.9,66.5,27,41.7,1,0,2,1
3782,M,24,182.9,100.7,30,120,1,1,0,1
3788,F,50,165.7,71.7,26,90.7,1,1,1,2
3790,M,42,188.5,105.6,30,120,2,2,1,1
3797,F,19,169.4,89.2,31,120,2,2,1,1
3800,M,75,188.3,108.8,31,79.9,2,1,1,1
3801,F,70,159.4,90.9,36,96.3,1,1,2,1
3803,M,35,166.1,63,23,120,2,2,1,2
3812,M,72,177.3,71,23,103,2,1,1,1
3813,F,53,167.1,63.8,23,64.9,0,1,1,2
3815,M,52,170.4,79.9,28,114,1,1,1,1
3821,F,43,166.5,83.1,30,89.8,1,1,1,0
3823,M,76,180.1,71.9,22,91.3,1,1,1,1
3824,M,66,171.6,92.9,32,101,1,1,1,1
3825,F,19,162.2,119.7,45,120,1,1,1,1
3828,M,53,173.2,76.7,26,120,0,2,1,2
3830,M,60,165.3,73,27,86.3,1,1,1,1
3831,M,54,184.1,129.1,38,120,1,2,1,1
3832,F,30,155.7,88.5,37,107,1,1,1,2
3834,F,50,158.3,62.5,25,74.6,1,1,1,2
3835,F,49,163.7,73.9,28,70.3,0,1,0,2
3836,F,56,160.4,99.9,39,92.6,1,1,1,0
3837,M,26,166.2,67.2,24,97.6,2,1,1,1
3838,F,35,162,65.1,25,30,2,1,2,0
3840,F,19,159.6,70.6,28,120,2,1,1,0
3851,M,35,170.4,80.8,28,120,1,1,1,1
3857,M,80,170.8,84,29,117,2,1,0,1
3858,F,42,161.9,95.9,37,120,0,1,1,1
3859,F,69,158.2,47.3,19,38.5,2,1,1,1
3861,M,37,162.9,73.8,28,120,2,1,1,0
3865,F,32,157.3,57.7,23,59.8,2,1,1,1
3868,F,47,162.9,59.3,22,53.8,0,1,1,1
3869,M,77,174.2,79.7,26,99.6,2,2,1,1
3878,M,60,173.2,75.6,25,86.6,1,0,1,0
3883,M,31,174.1,89.8,30,120,2,1,1,1
3888,M,66,161.9,69.4,26,64.8,0,2,1,1
3889,M,60,176,71.7,23,75.9,1,0,0,1
3893,F,44,166,77,28,94.9,2,1,2,1
3894,F,85,154.9,57.1,24,30,2,1,1,0
3897,F,24,167.9,69.4,25,120,0,1,1,1
3900,M,28,186.4,113.2,33,120,1,1,1,2
3905,F,40,170.7,103.3,35,120,1,2,1,1
3908,M,81,158.1,54.8,22,59.1,1,1,0,1
3910,M,47,188.8,80.4,23,120,1,1,1,0
3917,F,85,153.1,77.6,33,47.5,2,1,2,1
3919,M,45,169.2,89.2,31,111,0,1,1,2
3921,M,43,165.8,93.4,34,120,1,1,1,1
3923,F,42,168.2,55.6,20,63.1,1,1,1,2
3930,M,20,174.3,81.4,27,120,1,1,1,0
3931,M,38,170.8,85.1,29,120,1,1,1,1
3936,M,54,174.9,74.3,24,120,0,1,1,2
3940,M,36,162.5,74.4,28,120,2,1,1,1
3942,F,41,160.8,53.1,21,73,1,1,0,0
3944,M,66,180,115.6,36,120,2,1,0,2
3946,M,80,171.6,63.7,22,82.9,1,0,1,1
3949,M,26,178.9,95.8,30,120,2,1,1,1
3951,F,29,169.8,86.8,30,120,2,1,2,1
3955,F,46,168.3,93.2,33,120,1,1,1,2
3961,F,27,157.9,57.2,23,106,1,1,1,2
3962,F,44,158.4,61.4,24,101,1,1,1,2
3965,F,25,167.2,74.3,27,84.8,0,1,1,2
3968,F,74,171.9,62.2,21,65.5,2,0,1,1
3970,M,51,167.2,85,30,120,1,1,1,1
3972,F,40,154.9,62.2,26,75.7,2,1,1,0
3979,M,48,174.7,68.5,22,120,2,0,1,2
3982,F,43,166.3,66.2,24,91.3,1,1,1,1
3984,M,36,188.6,83.5,23,120,2,1,1,2
3987,M,50,181.8,81.6,25,107,1,1,2,0
3992,F,19,166.9,73.5,26,106,0,0,0,1
3995,M,72,171.7,90,31,104,1,1,1,1
3996,F,75,148,43.6,20,69.7,1,1,2,0
4006,M,24,160.8,69,27,120,0,1,0,1
4010,M,60,176.3,106.6,34,120,1,1,1,1
4012,F,74,170,65.9,23,70.3,0,1,1,1
4017,F,24,150.8,91.6,40,120,1,1,2,0
4018,M,68,164.8,78,29,100,1,1,2,0
4022,M,33,173.4,86.2,29,120,1,1,1,1
4027,F,76,157.8,66,27,46.2,1,1,2,1
4029,M,83,177.7,67.9,22,43,2,1,1,0
4036,F,43,161.5,78.8,30,120,1,1,1,0
4040,F,51,160.7,74.5,29,63.1,1,1,2,1
4041,F,22,156.7,79.8,32,120,1,1,1,2
4044,F,34,169.9,96.3,33,120,2,0,0,1
4045,F,85,159.2,67.4,27,57.6,0,1,1,2
4047,F,25,151.2,47.4,21,66.3,2,1,1,1
4052,F,37,162.7,70.5,27,120,2,1,1,1
4054,F,35,169.2,58.2,20,79.3,1,1,1,1
4056,M,85,179.7,66.9,21,58.7,2,0,1,0
4057,M,46,188.9,140.1,39,120,2,1,1,1
4059,F,49,166.4,79.5,29,120,1,2,1,1
4064,F,45,159.2,79.5,31,120,2,1,0,1
4066,F,44,163.7,61.6,23,81.2,1,1,0,0
4073,M,51,177.1,66.2,21,111,1,0,1,2
4074,M,45,183.7,95.8,28,120,1,0,1,1
4076,F,84,166.2,94.8,34,97.9,1,1,0,1
4079,M,19,177.4,62,20,120,2,1,1,1
4082,F,36,164.5,57.2,21,88.9,2,1,1,0
4084,M,78,188.4,76.6,22,80.4,1,1,1,1
4089,M,69,164.8,67.6,25,106,2,1,1,1
4095,M,35,171.6,75.1,26,120,2,0,1,1
4098,M,35,191.1,71.1,19,120,2,1,1,1
4099,M,32,173.8,83.2,28,112,0,1,1,1
4100,F,25,165,73.6,27,120,1,1,2,1
4103,F,79,156.8,67.5,27,50.1,1,1,2,0
4104,M,29,187.7,122.4,35,120,2,1,1,1
4112,M,32,176.3,122.2,39,120,1,1,1,1
4119,F,49,157.6,92.9,37,81.8,1,2,0,2
4121,M,34,175.3,78.3,25,120,2,2,2,1
4122,M,27,170.7,67.8,23,118,1,1,2,2
4124,M,61,171.6,83.5,28,120,1,1,1,1
4125,M,81,177.1,73.5,23,52.4,2,1,1,1
4127,M,29,160,86,34,120,2,1,1,1
4129,F,24,168.8,84.3,30,120,1,1,2,1
4133,F,35,159.1,57.5,23,79.2,0,1,1,0
4140,F,84,165.6,64.6,24,68.9,2,1,1,0
4141,F,19,153.7,51,22,119,1,1,1,0
4142,M,50,170.8,104.7,36,120,1,1,1,1
4160,F,85,152.8,51.6,22,32.5,2,1,1,1
4167,M,75,171.4,85.9,29,68,1,1,1,1
4170,F,20,154.5,71.4,30,108,1,2,1,1
4172,F,31,154.3,47.4,20,100,1,1,1,1
4173,F,34,161.3,66.8,26,63.3,1,0,0,1
4175,F,63,169.3,89,31,74.9,2,0,1,1
4176,M,30,170.3,104.3,36,120,1,1,1,1
4187,F,80,152.8,64.6,28,55.8,1,1,1,1
4190,F,79,167.9,64.9,23,47.7,1,1,1,0
4196,M,32,173.8,110.7,37,120,1,0,1,0
4198,M,36,191.4,140.3,38,120,1,1,0,1
4201,M,81,172.8,73.2,25,57.1,1,2,0,1
4202,M,75,174,91.8,30,120,1,1,1,2
4205,F,85,157.2,55.5,22,48,2,1,1,2
4206,M,46,191.4,87.1,24,120,0,1,1,1
4211,F,42,178.5,74,23,69.6,0,1,0,0
4213,F,20,156.3,58,24,105,1,1,1,1
4214,F,26,159.3,61.2,24,98.1,1,2,1,1
4218,F,63,170.3,72.5,25,120,1,1,1,1
4219,M,69,164.3,81.5,30,120,1,1,2,2
4222,F,78,168.2,66.1,23,59.7,2,1,1,1
4223,M,45,169.9,78.6,27,120,1,1,2,0
4226,M,25,175.7,71.8,23,120,1,1,2,0
4227,F,41,172,106,36,113,1,1,0,1
4231,F,71,166.4,100.4,36,69.3,1,1,1,2
4234,F,49,156.9,89.1,36,95.7,1,1,1,1
4237,M,47,175,111.6,36,120,1,1,1,1
4239,F,52,172.4,68.1,23,88.4,2,1,1,1
4250,F,51,160.5,81.8,32,112,1,1,1,0
4252,M,69,178.4,91.9,29,120,0,1,1,1
4263,M,19,183.1,123.9,37,120,0,1,1,1
4267,F,21,167.1,100.9,36,120,1,1,2,1
4271,F,40,163,82.5,31,120,0,1,1,1
4273,M,25,169.1,81,28,120,2,1,2,1
4274,M,56,164.7,85,31,103,2,1,0,1
4276,F,26,159.9,75.5,30,120,1,1,1,0
4277,F,38,156.4,93.4,38,100,2,1,1,1
4278,M,19,181.3,111.7,34,120,1,1,1,0
4281,F,19,166.6,102.2,37,120,2,1,1,1
4282,M,44,174.5,86.5,28,120,2,1,0,1
4283,M,77,163,60.1,23,48.2,0,1,1,2
4285,F,69,147.7,78.6,36,51.1,1,1,1,2
4290,F,23,156.3,45.3,19,120,0,1,1,1
4303,F,58,146.7,47.1,22,54.3,1,1,1,1
4309,F,21,175.4,51.6,17,58.9,2,1,0,1
4320,M,68,160.5,74.9,29,67.5,1,1,1,2
4325,F,26,158.4,87.9,35,120,2,1,1,0
4326,M,36,162.1,73.8,28,120,1,2,1,0
4333,M,68,162.5,61.1,23,58.2,1,1,1,1
4338,M,72,163.8,42.7,16,66.1,1,1,0,1
4339,F,33,159.6,81.4,32,120,0,1,1,1
4341,M,59,162.8,80.8,30,120,2,0,1,1
4346,F,59,161.5,74.2,28,73.9,0,1,1,1
4347,F,62,159.7,105.1,41,119,2,1,0,1
4355,F,36,161,61.9,24,100,2,1,1,1
4365,F,29,169.6,58.4,20,120,1,2,1,2
4368,F,33,185.2,78.9,23,120,2,1,2,0
4374,M,78,168.3,87.9,31,120,2,1,1,1
4375,F,28,161.6,74.7,29,116,1,1,1,0
4381,M,28,168.1,70.3,25,120,1,1,2,1
4384,F,30,171.6,106.3,36,120,2,1,2,2
4385,M,52,178.4,88.9,28,120,1,0,1,1
4387,M,55,172.3,89.7,30,120,1,1,1,1
4388,F,19,154.5,49.5,21,109,1,1,1,2
4389,M,46,169.1,82.1,29,119,1,1,1,1
4393,M,39,184.6,94.1,28,120,1,1,1,1
4395,F,41,149.6,53.2,24,120,2,1,1,1
4402,F,35,164.4,67.4,25,107,2,1,2,1
4403,M,54,183.9,105.9,31,120,1,1,0,0
4404,M,36,179.9,83.3,26,97.8,0,1,1,2
4407,M,20,166.9,93.6,34,120,2,1,1,1
4410,M,48,178.3,83.4,26,120,1,1,1,1
4413,M,52,176.3,89.4,29,115,1,1,1,1
4414,M,67,176,67.3,22,118,0,1,1,1
4415,M,48,183.5,75,22,120,1,1,1,0
4422,F,34,154.2,66.1,28,85.3,1,1,1,1
4428,F,62,150.8,60.6,27,94.6,1,2,0,1
4429,F,23,148.2,39.2,18,55.2,0,0,1,2
4437,F,40,163.5,67.3,25,101,0,1,0,0
4445,M,24,181.2,80.7,25,120,2,1,1,1
4448,F,81,149.3,66.1,30,67.7,1,1,1,1
4450,M,38,178.2,88.2,28,120,1,1,1,1
4451,M,51,163.7,69.7,26,120,2,1,1,1
4456,M,32,177.5,91.8,29,120,1,1,1,0
4464,F,19,169.4,113.7,40,120,1,1,1,0
4472,M,24,185.1,107,31,120,2,1,1,1
4476,M,41,160.8,73.3,28,115,1,1,1,2
4477,F,20,168.8,56.3,20,97.3,2,1,2,1
4480,M,32,171.4,98.4,33,120,1,1,1,1
4481,F,23,164.9,79.8,29,112,1,2,1,0
4482,M,47,178,76.8,24,120,1,1,2,2
4487,F,30,172.2,102.6,35,120,1,1,1,1
4489,M,35,191.8,110.3,30,120,0,2,1,1
4490,F,85,158.9,50.5,20,31.8,1,1,1,2
4494,F,24,152.5,53.8,23,102,1,0,0,1
4497,M,45,181.8,102.2,31,120,2,0,1,0
4498,M,82,162.7,75.5,29,66.1,2,0,1,1
4508,M,70,176.9,79.3,25,120,2,1,1,1
4512,M,19,173.6,66,22,120,1,1,1,2
4513,F,83,169.3,87.9,31,73,1,0,1,2
4517,M,19,169,62.3,22,120,1,2,1,1
4519,M,30,181.5,102.3,31,120,1,1,2,1
4520,M,61,160.5,59.5,23,68.7,1,1,1,1
4521,M,45,167.4,71.7,26,114,1,1,1,2
4523,M,35,171.5,78.3,27,120,1,1,1,1
4524,M,24,171.5,85.9,29,120,0,1,0,1
4525,M,48,181.7,95.1,29,114,1,1,1,0
4531,F,71,166.9,78.1,28,89.6,1,1,1,0
4532,F,27,153.8,54.8,23,118,1,1,0,1
4535,M,57,178.8,70.6,22,99.3,2,2,1,1
4536,F,40,164.8,73.5,27,68.3,2,1,1,1
4541,M,31,197.9,78.7,20,120,1,1,0,1
4542,M,70,175.5,72.3,23,86.8,1,1,1,0
4551,M,67,171.8,67,23,97,2,1,0,0
4557,M,38,169.5,88.9,31,120,2,1,2,1
4560,M,64,169.3,69.9,24,94.6,1,1,0,1
4561,F,49,163.2,73.3,28,90.5,2,1,2,2
4564,M,36,171.1,83.5,29,120,1,1,1,1
4568,F,32,151.7,59.9,26,97.9,1,1,2,2
4573,M,43,183.6,91.6,27,120,2,1,1,1
4577,F,51,162.9,121.8,46,120,2,2,0,1
4582,F,23,168,67.7,24,82,1,1,2,2
4583,F,22,170.9,69.7,24,93.4,1,1,1,0
4588,F,20,166.3,60.3,22,120,1,1,0,1
4589,M,41,165.2,72.8,27,91.8,1,1,1,1
4590,M,40,170.8,72,25,120,0,1,2,1
4592,M,23,171.8,63.3,21,120,1,1,2,0
4595,M,85,171,85.9,29,86.3,0,1,1,1
4598,F,29,166.2,43.3,16,76.7,1,2,1,1
4599,F,85,146.2,46.1,22,41,2,1,0,1
4600,F,41,166.6,102.3,37,120,2,1,1,1
4601,F,36,161.2,74.4,29,90.4,1,1,1,1
4602,F,49,157.6,64.6,26,70.1,0,1,2,1
4606,M,58,178.8,98.7,31,120,1,1,1,1
4607,F,66,166.8,76.6,28,71.2,1,1,1,0
4608,F,59,165.6,51.8,19,55,2,1,2,1
4610,F,46,147.2,77.3,36,89.4,1,1,1,1
4616,M,31,170.5,70,24,120,0,1,0,2
4624,M,76,176.6,94.4,30,112,1,2,1,2
4625,M,39,176.4,99.3,32,120,2,1,1,2
4627,M,71,176.8,102.9,33,120,1,1,2,1
4631,F,36,170.8,60.8,21,66.7,0,1,1,0
4634,M,43,168.5,84.1,30,120,1,1,1,0
4635,F,56,164.6,73.8,27,83.2,1,0,2,2
4637,M,19,181.3,69,21,120,1,1,1,0
4642,M,20,190.7,87,24,120,0,1,2,2
4643,M,46,180.5,107.9,33,120,1,1,1,0
4647,M,24,171,96.2,33,120,1,1,1,1
4649,M,40,168.3,83.8,30,120,2,2,2,1
4651,M,31,175.9,96.7,31,120,1,1,1,2
4653,F,85,153.7,69.2,29,70.2,2,1,1,1
4654,F,79,151.9,47.5,21,37.2,1,1,1,1
4656,M,19,179,93.3,29,120,1,1,1,1
4658,M,41,172.5,84.5,28,120,0,1,1,1
4661,M,41,173.2,112.2,37,120,2,1,1,1
4662,F,28,164.7,73.3,27,120,1,1,2,1
4664,F,56,155.6,61.3,25,60.8,1,1,1,1
4665,M,66,167.4,92.2,33,117,0,1,1,1
4666,F,40,150,41.1,18,50.5,0,1,1,1
4667,M,40,182.9,91.9,27,120,1,1,1,1
4668,F,50,162.5,79.7,30,120,2,1,0,1
4669,M,85,166.4,83.6,30,64.5,2,1,2,0
4670,M,30,171.2,79,27,120,2,1,1,1
4672,M,41,177,118.8,38,120,1,1,1,1
4674,M,37,179.1,80,25,84.2,2,1,1,2
4675,M,61,173.6,78.5,26,61.5,1,1,1,1
4682,F,22,158.8,53.7,21,120,1,1,1,1
4685,F,58,160.6,57.3,22,109,2,1,1,0
4687,M,85,168.8,62.3,22,52.9,1,1,1,2
4690,F,26,163.7,81.2,30,120,2,1,1,1
4691,F,34,162.2,57.2,22,117,1,2,1,0
4692,F,53,167.9,110.2,39,100,1,1,2,2
4695,F,20,169.3,103.9,36,120,2,1,1,2
4696,F,53,165.7,59.1,22,90.6,2,1,1,1
4698,M,55,182,131.4,40,120,1,1,0,0
4702,M,19,177.1,62.9,20,120,1,1,0,2
4703,F,28,159.6,60.8,24,103,1,0,1,1
4706,M,55,179.2,95.2,30,90.6,1,1,1,2
4711,M,52,176.1,89,29,115,1,1,0,1
4712,F,85,150.3,43.1,19,41.8,1,1,1,0
4713,M,49,174.5,75.4,25,120,1,1,1,1
4715,M,65,186.5,81.1,23,107,1,1,2,0
4720,F,64,168.8,91.6,32,120,1,2,1,1
4728,M,59,178.7,99.4,31,120,1,1,1,2
4729,F,83,144.4,51,24,35.4,0,2,1,1
4732,F,74,155.1,57.8,24,76.3,1,1,0,1
4734,F,20,160,78.9,31,120,2,1,2,2
4736,F,30,177.7,71.7,23,74.5,0,1,1,2
4742,F,40,165.8,112.5,41,75,2,1,2,1
4743,F,52,170.5,71,24,66.5,1,1,1,1
4746,M,44,166,82,30,120,1,1,1,2
4760,F,85,157,55,22,39.7,1,1,2,0
4762,F,66,163.7,107.7,40,120,1,1,1,1
4764,F,43,165.5,50.8,19,59.4,2,1,0,1
4766,M,25,184.7,89.5,26,120,1,1,1,0
4770,F,32,157.9,89,36,120,2,1,1,1
4773,F,70,160.9,81.4,31,93.4,1,1,1,1
4778,F,71,141.7,52.5,26,38.9,1,2,1,1
4784,M,65,178.4,87.3,27,83.4,2,1,1,1
4786,F,71,163.3,80.2,30,94.7,1,1,1,0
4787,F,24,157.9,63.6,26,83.7,1,1,2,1
4788,F,23,164.7,86.5,32,120,1,1,1,1
4791,F,52,155,106.9,44,120,1,1,1,0
4795,F,25,154.8,56.6,24,90.4,2,1,1,1
4796,M,26,164.9,76.3,28,120,2,1,0,2
4798,M,65,176.8,88.9,28,73.5,2,2,0,1
4800,M,63,183.4,85,25,90.9,1,2,1,1
4802,M,19,192.2,77.4,21,120,1,1,1,1
4803,F,47,159.3,80.1,32,120,1,1,1,1
4807,M,60,161.8,71.5,27,77.9,0,1,1,1
4808,F,27,165.8,121.6,44,120,1,1,1,2
4809,M,50,170.6,99,34,74.5,2,1,1,2
4818,F,34,159.2,89.5,35,120,0,1,2,1
4819,F,73,150.6,56.5,25,72.1,1,1,2,1
4821,F,35,151.1,64.6,28,76.3,1,1,0,1
4824,M,31,165.2,102.8,38,120,1,2,0,1
4826,F,26,167.4,103.9,37,120,0,1,1,1
4830,F,73,164.5,66,24,44.2,1,2,2,1
4832,M,52,176.1,69.1,22,117,1,1,1,1
4833,F,24,156,64.6,27,105,1,2,2,0
4835,M,25,174.7,82.3,27,120,2,1,0,2
4836,M,28,176.4,76.3,25,120,1,1,1,1
4842,F,50,162.6,80.6,30,103,2,1,2,0
4845,M,46,177.1,77.6,25,100,2,1,1,1
4848,M,20,185.1,88,26,115,2,1,2,1
4850,F,48,154.1,79.8,34,78.1,0,0,0,0
4851,M,26,177.1,94.1,30,120,2,1,1,2
4853,F,38,157.9,82,33,120,2,1,1,2
4857,F,71,153.5,84.4,36,66.7,1,1,1,2
4861,M,53,172.9,66.6,22,84.7,2,1,2,1
4862,F,65,158.9,71.4,28,66.5,2,0,1,2
4865,M,57,172.2,121.2,41,120,2,1,1,1
4868,F,28,165.5,59.5,22,30,2,2,1,2
4869,M,24,187.1,85.2,24,120,1,1,1,1
4875,M,22,191.3,109.6,30,120,1,1,0,1
4879,M,40,178.2,92.3,29,87.2,1,1,2,1
4880,F,83,150.9,72,32,120,1,1,0,1
4882,M,52,168.6,114.7,40,120,1,0,1,1
4884,F,84,156.7,75,31,77.5,1,1,2,2
4885,F,59,160.3,72.7,28,74.8,1,1,1,1
4887,F,21,170.4,63.2,22,120,1,1,1,1
4890,F,59,146.4,49.3,23,69.3,1,1,0,1
4891,M,22,174.6,61.9,20,120,0,1,1,2
4898,F,59,162,117.8,45,120,1,1,1,1
4899,M,28,175.5,81.1,26,120,0,1,1,0
4901,M,60,170.3,108.4,37,120,0,1,1,0
4909,M,34,181.4,88.8,27,120,1,2,1,2
4913,M,68,174.1,110.2,36,120,2,1,1,2
4914,F,34,164.7,121.7,45,120,1,1,1,2
4915,M,64,175.4,99.5,32,103,2,1,1,0
4918,M,21,169.2,118.2,41,120,1,1,1,0
4920,M,21,183.1,91.7,27,120,2,1,1,2
4921,M,44,172.7,133.2,45,120,1,1,2,1
4922,M,20,184,105.1,31,120,2,1,0,0
4927,F,60,156.6,77.9,32,89.7,2,1,1,1
4937,F,66,158,66,26,113,2,1,1,1
4940,M,21,168.4,74.2,26,120,1,2,2,2
